1179135817432694784
1179136487397277779
1177700722318520450
1175883214536048640
1174409890811359242
1177339249058660442
1176237878905413714
1175150010652971048
1174406179707945011
1176239602357518467
1175881423475966023
1174814199306801253
1174407389240381520
1176239650982088775
1175882152555057202
1175153961444065280
1174813325587140630
1174409241499533423
1174410367783407747
1176973826186285206
1176241155093053542
1175884296494522448
1174813161841504338
1174410563913273516
1181310805338230785
1181310443663392788
1180959874536976395
1181677823073714307
1182033031201046528
1182028491521265756
1182027968210542622
1182028726398111764
1182394842253381722
1182394329826865262
1182394941364781150
1183123408314179584
1183125039311241358
1183126030681129070
1183126215347941506
1183127397399269447
1183476100152688712
1184205748285227119
1184204750007304223
1184566695172509817
1184568021679886366
1185286181869584464
1185284805668110346
1185285692146860173
1185286083106316359
1185674365161984041
1185673421263229039
1185670573418872902
1185671857630883850
1185672373412835439
1185671721202757796
1186021745040302260
1186022281735053422
1186022383061041242
1186023030510583858
1186378088704118814
1186023554580488223
1186022820984127518
1186378192446046208
1186377124416852071
1186744975556366346
1187099538704572507
1186743160219648120
1187477833245798460
1187480184845258863
1187480093916926104
1187835499562422414
1187479538716917822
1187836921771216896
1181316088076713994
1188192012403486790
1187478559137214504
1188192665574047854
1187836769471836230
1188193924758642840
1188557106077503569
1188558402868219995
1188558646066544690
1188555063782821990
1187478396247216148
1188556938368274523
1185286529430585344
1193998672476782774
1193996251121860669
1193997617764520018
1193998412174065754
1194728696737697963
1194724407520792636
1194722591726907553
1193999419603951776
1195091281437786234
1195093564644929576
1195092063847452783
1195094444974813195
1195095032181559339
1195443705943969944
1195445017284722698
1195777121725976628
1195781406312386751
1195779152364720229
1195782636770172928
1195783206486691900
1196172955005231164
1196174412349702235
1196175389551251519
1196533384353157160
1194361819146502217
1196174579945705583
1196534783950471268
1196175705550094437
1196177783156658187
1196534602177728532
1196890149016043540
1196891388965556224
1197251525538488320
1197618240432644247
1197985092811903016
1197983206599823410
1197983912589262918
1197982197244776469
1197980319278702612
1197617079965192352
1198708497387376720
1199057530295423047
1199059352657608825
1180958081908215878
1183475962306891786
1198709180543008839
1199427373846761622
1197982500887216300
1199794521450487868
1199430233137360906
1200148312368623656
1199795367349329930
1200149158577840168
1200514094726381718
1200516904385777695
1200517423217000448
1195390080701968586
1201245139989975252
1200515461641670676
1201245975495311411
1202016778969153536
